
DN1, DN2, DN3, DN4, DN5
999.00, 984.00, 986.00, 978.00, 991.00,  
999.00, 982.00, 985.00, 977.00, 989.00,  
997.00, 984.00, 983.00, 977.00, 990.00,  
999.00, 982.00, 985.00, 977.00, 991.00,  
1000.00, 984.00, 984.00, 977.00, 991.00,  
1000.00, 984.00, 984.00, 977.00, 989.00,  
1004.00, 983.00, 985.00, 976.00, 990.00,  
1005.00, 982.00, 984.00, 977.00, 990.00,  
1005.00, 982.00, 983.00, 978.00, 989.00,  
1002.00, 981.00, 983.00, 979.00, 991.00,  
1005.00, 983.00, 984.00, 978.00, 990.00,  
1005.00, 981.00, 984.00, 978.00, 989.00,  
1003.00, 981.00, 984.00, 977.00, 991.00,  
1007.00, 982.00, 985.00, 978.00, 990.00,  
1008.00, 981.00, 985.00, 977.00, 990.00,  
1011.00, 982.00, 982.00, 978.00, 991.00,  
1011.00, 981.00, 983.00, 977.00, 989.00,  
1009.00, 980.00, 981.00, 976.00, 989.00,  
1008.00, 981.00, 981.00, 974.00, 990.00,  
1006.00, 983.00, 979.00, 973.00, 989.00,  
1007.00, 983.00, 979.00, 972.00, 988.00,  
1007.00, 984.00, 977.00, 968.00, 990.00,  
1005.00, 986.00, 976.00, 968.00, 991.00,  
1003.00, 986.00, 975.00, 965.00, 991.00,  
1001.00, 983.00, 970.00, 963.00, 991.00,  
999.00, 979.00, 966.00, 955.00, 991.00,  
995.00, 975.00, 962.00, 955.00, 990.00,  
994.00, 975.00, 962.00, 953.00, 991.00,  
980.00, 972.00, 973.00, 966.00, 994.00,  
978.00, 968.00, 972.00, 965.00, 995.00,  
976.00, 964.00, 966.00, 957.00, 993.00,  
975.00, 961.00, 963.00, 953.00, 995.00,  
973.00, 956.00, 958.00, 948.00, 994.00,  
972.00, 954.00, 956.00, 947.00, 993.00,  
971.00, 951.00, 953.00, 946.00, 993.00,  
968.00, 946.00, 951.00, 944.00, 994.00,  
969.00, 942.00, 951.00, 945.00, 997.00,  
970.00, 945.00, 953.00, 949.00, 999.00,  
974.00, 950.00, 957.00, 953.00, 1002.00,  
975.00, 951.00, 959.00, 957.00, 1004.00,  
976.00, 953.00, 961.00, 958.00, 1004.00,  
978.00, 955.00, 961.00, 960.00, 1005.00,  
978.00, 954.00, 961.00, 961.00, 1003.00,  
981.00, 953.00, 955.00, 955.00, 1005.00,  
980.00, 950.00, 950.00, 954.00, 1005.00,  
981.00, 957.00, 956.00, 960.00, 1007.00,  
982.00, 961.00, 959.00, 964.00, 1008.00,  
983.00, 965.00, 964.00, 965.00, 1009.00,  
983.00, 967.00, 966.00, 965.00, 1009.00,  
983.00, 971.00, 970.00, 965.00, 1009.00,  
984.00, 971.00, 968.00, 963.00, 1008.00,  
985.00, 972.00, 969.00, 963.00, 1006.00,  
984.00, 973.00, 971.00, 963.00, 1005.00,  
986.00, 976.00, 973.00, 963.00, 1006.00,  
986.00, 977.00, 975.00, 965.00, 1003.00,  
985.00, 977.00, 976.00, 967.00, 1002.00,  
984.00, 980.00, 978.00, 968.00, 1000.00,  
987.00, 980.00, 978.00, 969.00, 1000.00,
988.00, 982.00, 980.00, 970.00, 997.00,  
986.00, 983.00, 981.00, 970.00, 996.00,  
988.00, 983.00, 982.00, 971.00, 996.00,  
986.00, 983.00, 983.00, 970.00, 994.00,  
986.00, 983.00, 981.00, 972.00, 992.00,  
989.00, 983.00, 982.00, 973.00, 995.00,  
987.00, 984.00, 982.00, 973.00, 994.00,  
988.00, 985.00, 985.00, 974.00, 992.00,  
988.00, 985.00, 984.00, 973.00, 991.00,  
988.00, 983.00, 983.00, 975.00, 990.00,  
986.00, 984.00, 983.00, 975.00, 990.00,  
988.00, 984.00, 984.00, 974.00, 991.00,  
987.00, 984.00, 982.00, 974.00, 991.00,  
986.00, 981.00, 982.00, 972.00, 990.00,  
987.00, 983.00, 983.00, 972.00, 991.00,  
987.00, 982.00, 981.00, 973.00, 989.00,  
987.00, 982.00, 982.00, 974.00, 989.00,  
987.00, 983.00, 984.00, 975.00, 991.00,  
986.00, 985.00, 984.00, 975.00, 991.00,  
987.00, 984.00, 985.00, 977.00, 990.00, 
