results = np.array(
[
[512.00, 488.00, 16, 17], 
[508.00, 484.00, 15, 17 ],
[508.00, 488.00, 16, 16 ],
[508.00, 484.00, 15, 16 ],
[508.00, 496.00, 16, 16 ],
[508.00, 488.00, 15, 17 ],
[504.00, 508.00, 15, 16 ],
[500.00, 484.00, 15, 16 ],
[492.00, 476.00, 15, 17 ],
[500.00, 464.00, 15, 16 ],
[720.00, 656.00, 15, 16 ],
[1008.00, 1012.00, 16, 17],
[1012.00, 1012.00, 16, 17 ],
[1008.00, 1008.00, 16, 17 ],
[1008.00, 1008.00, 16, 17 ],
[484.00, 464.00, 15, 16 ],
[500.00, 492.00, 15, 16 ],
[508.00, 488.00, 15, 16 ],
[508.00, 480.00, 15, 16 ],
[512.00, 496.00, 15, 16 ],
[508.00, 488.00, 15, 16 ],
[508.00, 484.00, 15, 16 ],
[512.00, 492.00, 15, 17 ],
[508.00, 496.00, 15, 16 ],
[512.00, 484.00, 15, 16 ],
[508.00, 488.00, 15, 17 ],
[508.00, 492.00, 15, 16 ],
[520.00, 488.00, 15, 16 ],
[508.00, 492.00, 15, 16 ],
[508.00, 492.00, 15, 16 ],
[508.00, 492.00, 15, 16 ],
[508.00, 484.00, 15, 16] 
 ] )
